eNB1	eNB2	Using
25.3792	-22.6785	0
25.3792	-22.6785	0
25.3792	-22.6785	0
25.3792	-22.6785	0
25.3792	-22.6785	0
25.3792	-22.6785	0
25.3792	-22.6785	0
25.3792	-22.6785	0
25.3792	-22.6785	0
25.3792	-22.6785	0
25.3792	-22.6785	0
25.3792	-22.6785	0
25.3792	-22.6785	0
25.3792	-22.6785	0
25.3792	-22.6785	0
25.3792	-22.6785	0
25.3792	-22.6785	0
25.3792	-22.6785	0
25.3792	-22.6785	0
25.3792	-22.6785	0
25.3792	-22.6785	0
25.3792	-22.6785	0
25.3792	-22.6785	0
25.3792	-22.6785	0
25.3792	-22.6785	0
25.3792	-22.6785	0
25.3792	-22.6785	0
25.3792	-22.6785	0
25.3792	-22.6785	0
25.3792	-22.6785	0
25.3792	-22.6785	0
25.3792	-22.6785	0
25.3792	-22.6785	25.3792
25.3792	-22.6785	25.3792
25.3792	-22.6785	25.3792
25.3792	-22.6785	25.3792
25.3792	-22.6785	25.3792
25.3792	-22.6785	25.3792
25.3792	-22.6785	25.3792
25.3792	-22.6785	25.3792
25.3792	-22.6785	25.3792
25.3792	-22.6785	25.3792
25.3792	-22.6785	25.3792
25.3792	-22.6785	25.3792
25.3792	-22.6785	25.3792
25.3792	-22.6785	25.3792
25.3792	-22.6785	25.3792
25.3792	-22.6785	25.3792
25.3792	-22.6785	25.3792
25.3792	-22.6785	25.3792
25.3792	-22.6785	25.3792
25.3792	-22.6785	25.3792
25.3792	-22.6785	25.3792
25.3792	-22.6785	25.3792
25.3792	-22.6785	25.3792
25.3792	-22.6785	25.3792
25.3792	-22.6785	25.3792
25.3792	-22.6785	25.3792
25.3792	-22.6785	25.3792
25.3792	-22.6785	25.3792
29.4525	-19.2787	29.4525
29.4525	-19.2787	29.4525
29.4525	-19.2787	29.4525
29.4525	-19.2787	29.4525
29.4525	-19.2787	29.4525
29.4525	-19.2787	29.4525
29.4525	-19.2787	29.4525
29.4525	-19.2787	29.4525
29.4525	-19.2787	29.4525
29.4525	-19.2787	29.4525
29.4525	-19.2787	29.4525
29.4525	-19.2787	29.4525
29.4525	-19.2787	29.4525
29.4525	-19.2787	29.4525
29.4525	-19.2787	29.4525
29.4525	-19.2787	29.4525
29.4525	-19.2787	29.4525
29.4525	-19.2787	29.4525
29.4525	-19.2787	29.4525
29.4525	-19.2787	29.4525
29.4525	-19.2787	29.4525
29.4525	-19.2787	29.4525
29.4525	-19.2787	29.4525
29.4525	-19.2787	29.4525
29.4525	-19.2787	29.4525
29.4525	-19.2787	29.4525
29.4525	-19.2787	29.4525
29.4525	-19.2787	29.4525
29.4525	-19.2787	29.4525
29.4525	-19.2787	29.4525
29.4525	-19.2787	29.4525
29.4525	-19.2787	29.4525
29.4525	-19.2787	29.4525
29.4525	-19.2787	29.4525
29.4525	-19.2787	29.4525
29.4525	-19.2787	29.4525
29.4525	-19.2787	29.4525
29.4525	-19.2787	29.4525
29.4525	-19.2787	29.4525
29.4525	-19.2787	29.4525
29.4525	-19.2787	29.4525
29.4525	-19.2787	29.4525
29.4525	-19.2787	29.4525
29.4525	-19.2787	29.4525
29.4525	-19.2787	29.4525
29.4525	-19.2787	29.4525
29.4525	-19.2787	29.4525
29.4525	-19.2787	29.4525
29.4525	-19.2787	29.4525
29.4525	-19.2787	29.4525
29.4525	-19.2787	29.4525
29.4525	-19.2787	29.4525
29.4525	-19.2787	29.4525
29.4525	-19.2787	29.4525
29.4525	-19.2787	29.4525
29.4525	-19.2787	29.4525
29.4525	-19.2787	29.4525
29.4525	-19.2787	29.4525
29.4525	-19.2787	29.4525
29.4525	-19.2787	29.4525
29.4525	-19.2787	29.4525
29.4525	-19.2787	29.4525
29.7962	-20.5994	29.7962
29.7962	-20.5994	29.7962
29.7962	-20.5994	29.7962
29.7962	-20.5994	29.7962
29.7962	-20.5994	29.7962
29.7962	-20.5994	29.7962
29.7962	-20.5994	29.7962
29.7962	-20.5994	29.7962
29.7962	-20.5994	29.7962
29.7962	-20.5994	29.7962
29.7962	-20.5994	29.7962
29.7962	-20.5994	29.7962
29.7962	-20.5994	29.7962
29.7962	-20.5994	29.7962
29.7962	-20.5994	29.7962
29.7962	-20.5994	29.7962
29.7962	-20.5994	29.7962
29.7962	-20.5994	29.7962
29.7962	-20.5994	29.7962
29.7962	-20.5994	29.7962
29.7962	-20.5994	29.7962
29.7962	-20.5994	29.7962
29.7962	-20.5994	29.7962
29.7962	-20.5994	29.7962
29.7962	-20.5994	29.7962
29.7962	-20.5994	29.7962
29.7962	-20.5994	29.7962
29.7962	-20.5994	29.7962
29.7962	-20.5994	29.7962
29.7962	-20.5994	29.7962
29.7962	-20.5994	29.7962
29.7962	-20.5994	29.7962
29.7962	-20.5994	29.7962
29.7962	-20.5994	29.7962
29.7962	-20.5994	29.7962
29.7962	-20.5994	29.7962
29.7962	-20.5994	29.7962
29.7962	-20.5994	29.7962
29.7962	-20.5994	29.7962
29.7962	-20.5994	29.7962
29.7962	-20.5994	29.7962
29.7962	-20.5994	29.7962
29.7962	-20.5994	29.7962
29.7962	-20.5994	29.7962
29.7962	-20.5994	29.7962
29.7962	-20.5994	29.7962
29.7962	-20.5994	29.7962
29.7962	-20.5994	29.7962
29.7962	-20.5994	29.7962
29.7962	-20.5994	29.7962
29.7962	-20.5994	29.7962
29.7962	-20.5994	29.7962
29.7962	-20.5994	29.7962
29.7962	-20.5994	29.7962
29.7962	-20.5994	29.7962
29.7962	-20.5994	29.7962
29.7962	-20.5994	29.7962
29.7962	-20.5994	29.7962
29.7962	-20.5994	29.7962
29.7962	-20.5994	29.7962
29.7962	-20.5994	29.7962
29.7962	-20.5994	29.7962
29.7962	-20.5994	29.7962
33.8656	-20.2702	33.8656
33.8656	-20.2702	33.8656
33.8656	-20.2702	33.8656
33.8656	-20.2702	33.8656
33.8656	-20.2702	33.8656
33.8656	-20.2702	33.8656
33.8656	-20.2702	33.8656
33.8656	-20.2702	33.8656
33.8656	-20.2702	33.8656
33.8656	-20.2702	33.8656
33.8656	-20.2702	33.8656
33.8656	-20.2702	33.8656
33.8656	-20.2702	33.8656
33.8656	-20.2702	33.8656
33.8656	-20.2702	33.8656
33.8656	-20.2702	33.8656
33.8656	-20.2702	33.8656
33.8656	-20.2702	33.8656
33.8656	-20.2702	33.8656
33.8656	-20.2702	33.8656
33.8656	-20.2702	33.8656
33.8656	-20.2702	33.8656
33.8656	-20.2702	33.8656
33.8656	-20.2702	33.8656
33.8656	-20.2702	33.8656
33.8656	-20.2702	33.8656
33.8656	-20.2702	33.8656
33.8656	-20.2702	33.8656
33.8656	-20.2702	33.8656
33.8656	-20.2702	33.8656
33.8656	-20.2702	33.8656
33.8656	-20.2702	33.8656
33.8656	-20.2702	33.8656
33.8656	-20.2702	33.8656
33.8656	-20.2702	33.8656
33.8656	-20.2702	33.8656
33.8656	-20.2702	33.8656
33.8656	-20.2702	33.8656
33.8656	-20.2702	33.8656
33.8656	-20.2702	33.8656
33.8656	-20.2702	33.8656
33.8656	-20.2702	33.8656
33.8656	-20.2702	33.8656
33.8656	-20.2702	33.8656
33.8656	-20.2702	33.8656
33.8656	-20.2702	33.8656
33.8656	-20.2702	33.8656
33.8656	-20.2702	33.8656
33.8656	-20.2702	33.8656
33.8656	-20.2702	33.8656
33.8656	-20.2702	33.8656
33.8656	-20.2702	33.8656
33.8656	-20.2702	33.8656
33.8656	-20.2702	33.8656
33.8656	-20.2702	33.8656
33.8656	-20.2702	33.8656
33.8656	-20.2702	33.8656
33.8656	-20.2702	33.8656
33.8656	-20.2702	33.8656
33.8656	-20.2702	33.8656
33.8656	-20.2702	33.8656
33.8656	-20.2702	33.8656
31.8494	-17.8654	31.8494
31.8494	-17.8654	31.8494
31.8494	-17.8654	31.8494
31.8494	-17.8654	31.8494
31.8494	-17.8654	31.8494
31.8494	-17.8654	31.8494
31.8494	-17.8654	31.8494
31.8494	-17.8654	31.8494
31.8494	-17.8654	31.8494
31.8494	-17.8654	31.8494
31.8494	-17.8654	31.8494
31.8494	-17.8654	31.8494
31.8494	-17.8654	31.8494
31.8494	-17.8654	31.8494
31.8494	-17.8654	31.8494
31.8494	-17.8654	31.8494
31.8494	-17.8654	31.8494
31.8494	-17.8654	31.8494
31.8494	-17.8654	31.8494
31.8494	-17.8654	31.8494
31.8494	-17.8654	31.8494
31.8494	-17.8654	31.8494
31.8494	-17.8654	31.8494
31.8494	-17.8654	31.8494
31.8494	-17.8654	31.8494
31.8494	-17.8654	31.8494
31.8494	-17.8654	31.8494
31.8494	-17.8654	31.8494
31.8494	-17.8654	31.8494
31.8494	-17.8654	31.8494
31.8494	-17.8654	31.8494
31.8494	-17.8654	31.8494
31.8494	-17.8654	31.8494
31.8494	-17.8654	31.8494
31.8494	-17.8654	31.8494
31.8494	-17.8654	31.8494
31.8494	-17.8654	31.8494
31.8494	-17.8654	31.8494
31.8494	-17.8654	31.8494
31.8494	-17.8654	31.8494
31.8494	-17.8654	31.8494
31.8494	-17.8654	31.8494
31.8494	-17.8654	31.8494
31.8494	-17.8654	31.8494
31.8494	-17.8654	31.8494
31.8494	-17.8654	31.8494
31.8494	-17.8654	31.8494
31.8494	-17.8654	31.8494
31.8494	-17.8654	31.8494
31.8494	-17.8654	31.8494
31.8494	-17.8654	31.8494
31.8494	-17.8654	31.8494
31.8494	-17.8654	31.8494
31.8494	-17.8654	31.8494
31.8494	-17.8654	31.8494
31.8494	-17.8654	31.8494
31.8494	-17.8654	31.8494
31.8494	-17.8654	31.8494
31.8494	-17.8654	31.8494
31.8494	-17.8654	31.8494
31.8494	-17.8654	31.8494
31.8494	-17.8654	31.8494
31.8494	-17.8654	31.8494
29.1922	-21.2483	29.1922
27.6636	-18.3746	27.6636
29.2804	-20.7185	29.2804
30.2733	-18.7407	30.2733
29.8634	-20.0771	29.8634
27.7105	-19.2448	27.7105
28.1026	-19.444	28.1026
28.6961	-19.8529	28.6961
28.8332	-18.8968	28.8332
27.9953	-20.5006	27.9953
28.1968	-18.4786	28.1968
27.7176	-21.0821	27.7176
27.6371	-18.2106	27.6371
28.9267	-21.459	28.9267
29.9267	-18.1022	29.9267
29.3161	-21.5144	29.3161
27.7563	-18.1564	27.7563
29.0505	-21.2285	29.0505
30.2459	-18.3718	30.2459
30.0153	-20.6945	30.0153
27.8897	-18.7413	27.8897
28.0149	-20.0521	28.0149
28.62	-19.2484	28.62
28.9304	-19.4201	28.9304
27.9893	-19.8583	27.9893
28.2557	-18.8757	28.2557
27.7129	-20.5058	27.7129
27.67	-18.4608	27.67
28.6918	-21.0842	28.6918
29.9444	-18.1964	29.9444
29.4224	-21.4546	29.4224
27.9029	-18.0918	27.9029
28.802	-21.5016	28.802
30.2073	-18.1499	30.2073
30.1338	-21.2085	30.1338
28.1166	-18.369	28.1166
27.9157	-20.6704	27.9157
28.5504	-18.742	28.5504
28.9982	-20.0269	28.9982
28.0169	-19.252	28.0169
28.2905	-19.3965	28.2905
27.7234	-19.8636	27.7234
27.711	-18.8546	27.711
28.4566	-20.511	28.4566
29.9378	-18.4431	29.9378
29.5148	-21.0861	29.5148
28.087	-18.1824	28.087
28.5451	-21.45	28.5451
30.1546	-18.0816	30.1546
30.2214	-21.4887	30.2214
28.377	-18.1435	28.377
27.8109	-21.1885	27.8109
28.4891	-18.3663	28.4891
29.0345	-20.6462	29.0345
28.0803	-18.7428	28.0803
28.2993	-20.0019	28.2993
27.7536	-19.2556	27.7536
27.7502	-19.3728	27.7502
28.2341	-19.8691	28.2341
29.9025	-18.8336	29.9025
29.5969	-20.5161	29.5969
28.2913	-18.4254	28.2913
30.5149	-19.9774	30.5149
31.3106	-18.5269	31.3106
31.5567	-18.4175	31.5567
32.3681	-18.0327	32.3681
30.3912	-19.7886	30.3912
31.8789	-19.1916	31.8789
31.9467	-19.192	31.9467
32.8424	-18.9496	32.8424
30.5141	-19.6431	30.5141
31.5598	-19.5296	31.5598
31.3287	-19.4252	31.3287
32.0128	-19.9411	32.0128
30.4322	-18.9855	30.4322
31.1498	-18.7322	31.1498
31.1488	-18.3348	31.1488
30.8311	-19.8765	30.8311
31.0125	-18.6335	31.0125
31.6508	-18.4775	31.6508
32.3015	-17.9036	32.3015
30.6522	-19.7603	30.6522
31.6876	-19.1299	31.6876
31.9058	-19.348	31.9058
32.909	-18.7627	32.909
30.6368	-19.7767	30.6368
31.5632	-19.3679	31.5632
31.1594	-19.5707	31.1594
32.1999	-19.7425	32.1999
30.2981	-19.2173	30.2981
31.298	-18.6525	31.298
30.9266	-18.3548	30.9266
31.1329	-19.6976	31.1329
30.6902	-18.7857	30.6902
31.7595	-18.5035	31.7595
32.1837	-17.8302	32.1837
30.975	-19.6535	30.975
31.4413	-19.1092	31.4413
31.9131	-19.4707	31.9131
32.9058	-18.6219	32.9058
30.8633	-19.8712	30.8633
31.5055	-19.2312	31.5055
31.0521	-19.7165	31.0521
32.3128	-19.541	32.3128
30.2583	-19.4682	30.2583
31.394	-18.5658	31.394
30.7259	-18.4114	30.7259
31.3908	-19.4649	31.3908
30.3777	-18.9774	30.3777
31.8592	-18.4974	31.8592
32.032	-17.811	32.032
31.318	-19.473	31.318
31.1552	-19.1334	31.1552
31.9568	-19.5445	31.9568
32.8399	-18.5361	32.8399
31.1668	-19.9051	31.1668
31.3885	-19.1343	31.3885
31.0181	-19.8397	31.0181
32.3483	-19.3609	32.3483
30.3304	-19.7149	30.3304
31.4257	-18.4885	31.4257
30.5775	-18.4914	30.5775
31.5847	-19.2068	31.5847
30.1165	-19.1963	30.1165
31.9281	-18.4672	31.9281
33.281	-19.1645	33.281
33.5602	-21.4389	33.5602
33.7237	-19.2455	33.7237
33.1057	-21.1519	33.1057
34.1295	-19.2592	34.1295
32.6398	-21.2977	32.6398
34.4037	-20.0589	34.4037
32.2866	-21.4417	32.2866
34.5831	-20.6271	34.5831
32.1039	-21.1337	32.1039
34.6187	-21.2142	34.6187
32.1517	-20.6317	32.1517
34.5256	-21.5735	34.5256
32.4058	-19.978	32.4058
34.3155	-21.2342	34.3155
32.8262	-19.2641	32.8262
33.9739	-21.3313	33.9739
33.278	-19.2374	33.278
33.563	-21.2649	33.563
33.7529	-19.1162	33.7529
33.0872	-21.5185	33.0872
34.1236	-19.7725	34.1236
32.636	-21.8697	32.636
34.4214	-20.2336	34.4214
32.2803	-21.6141	32.2803
34.5825	-20.7401	34.5825
32.1056	-21.0826	32.1056
34.6179	-21.0937	34.6179
32.1498	-20.3461	32.1498
34.5296	-20.8967	34.5296
32.4296	-19.4717	32.4296
34.3015	-21.0593	34.3015
32.8184	-19.3405	32.8184
33.9742	-21.2016	33.9742
33.3111	-19.0865	33.3111
33.5483	-21.5697	33.5483
33.7462	-19.6023	33.7462
33.0783	-22.1814	33.0783
34.1445	-19.9486	34.1445
32.628	-22.0633	32.628
34.4226	-20.3459	34.4226
32.2758	-21.576	32.2758
34.5848	-20.6385	34.5848
32.0971	-20.7968	32.0971
34.6229	-20.511	34.6229
32.1713	-19.7744	32.1713
34.5203	-20.6799	34.5203
32.4154	-19.5489	32.4154
34.3005	-20.9769	34.3005
32.8539	-19.1695	32.8539
33.964	-21.4303	33.964
33.3026	-19.5534	33.3026
33.5365	-22.2997	33.5365
33.7698	-19.7865	33.7698
33.0704	-22.3941	33.0704
34.1472	-20.06	34.1472
32.6188	-22.0451	32.6188
34.428	-20.2573	34.428
32.2618	-21.2892	32.2618
34.7126	-20.1379	34.7126
32.124	-20.1488	32.124
34.3625	-20.2598	34.3625
30.6531	-20.883	30.6531
31.3687	-20.8818	31.3687
31.0717	-21.1991	31.0717
30.263	-20.0737	30.263
31.7101	-20.186	31.7101
30.1667	-20.2205	30.1667
30.6646	-21.3793	30.6646
31.1224	-20.586	31.1224
32.5587	-20.1721	32.5587
29.2658	-19.8191	29.2658
28.6845	-20.7582	28.6845
24.4212	-21.0719	24.4212
21.9921	-20.8103	21.9921
19.9113	-20.3088	19.9113
18.213	-20.1876	18.213
15.0377	-20.7441	15.0377
12.8137	-20.9117	12.8137
9.88706	-21.1928	9.88706
5.83539	-20.1608	5.83539
-1.11707	-20.1334	-1.11707
-4.77752	-20.6254	-4.77752
-2.97386	-21.6239	-2.97386
-4.62854	-21.3194	-4.62854
-3.99464	-23.8124	-3.99464
-4.03548	-24.1009	-4.03548
-2.44897	-20.6067	-2.44897
-4.57604	-20.324	-4.57604
-2.42263	-20.272	-2.42263
-4.38786	-19.9738	-4.38786
-2.21585	-20.8749	-2.21585
-3.85977	-20.7145	-3.85977
-2.90346	-20.977	-2.90346
-4.19818	-19.8439	-4.19818
-3.47415	-20.0317	-3.47415
-3.96477	-20.2316	-3.96477
-4.49548	-21.1785	-4.49548
-3.82289	-20.4005	-3.82289
-4.9177	-19.859	-4.9177
-3.36251	-19.8333	-3.36251
-2.588	-21.0526	-2.588
-4.5212	-20.2253	-4.5212
-2.40175	-19.979	-2.40175
-4.57073	-20.7689	-4.57073
-2.10878	-20.7133	-2.10878
-4.09986	-21.0283	-4.09986
-2.61822	-19.8862	-2.61822
-4.63159	-20.0291	-4.63159
-3.1096	-20.1003	-3.1096
-4.41066	-21.2152	-4.41066
-3.98686	-20.4138	-3.98686
-4.31033	-19.9683	-4.31033
-4.42124	-19.7012	-4.42124
-3.73285	-20.6013	-3.73285
-4.74859	-20.9506	-4.74859
-2.8469	-20.591	-2.8469
-4.29777	-20.1687	-4.29777
-2.49551	-20.0086	-2.49551
-4.56222	-20.6369	-4.56222
-2.11229	-20.7355	-2.11229
-4.19899	-21.0373	-4.19899
-2.44319	-19.961	-2.44319
-4.96114	-20.0091	-4.96114
-2.84576	-20.0005	-2.84576
-4.8323	-21.2034	-4.8323
-3.55939	-20.445	-3.55939
-4.85301	-20.0724	-4.85301
-3.95114	-19.5941	-3.95114
-4.19557	-20.5804	-4.19557
-4.30775	-20.8437	-4.30775
-3.216	-20.7382	-3.216
-3.95861	-20.1118	-3.95861
-2.6988	-20.0552	-2.6988
-4.37057	-20.4902	-4.37057
-2.22865	-20.7751	-2.22865
-4.13245	-21.008	-4.13245
-2.38416	-20.0664	-2.38416
-2.69841	-19.9332	-2.69841
-2.99883	-21.2923	-2.99883
-2.74807	-25.0022	-2.74807
-3.31982	-24.2989	-3.31982
-3.00531	-23.1824	-3.00531
-3.44947	-23.6471	-3.44947
-2.853	-23.8979	-2.853
-3.69078	-23.1177	-3.69078
-2.11915	-24.3912	-2.11915
-2.50471	-22.6268	-2.50471
-2.09602	-25.143	-2.09602
-3.33771	-22.4147	-3.33771
-1.92321	-25.5424	-1.92321
-2.19114	-22.2441	-2.19114
-2.12605	-25.668	-2.12605
-3.39581	-22.2693	-3.39581
-2.84419	-25.4722	-2.84419
-2.92264	-22.4859	-2.92264
-3.1167	-24.9127	-3.1167
-3.20218	-22.7142	-3.20218
-3.3121	-24.2431	-3.3121
-2.97639	-23.3016	-2.97639
-3.62816	-23.6691	-3.62816
-2.28139	-23.7716	-2.28139
-2.48223	-23.0355	-2.48223
-2.06563	-24.5312	-2.06563
-3.38224	-22.6974	-3.38224
-1.97999	-25.123	-1.97999
-2.2721	-22.3672	-2.2721
-1.97638	-25.5424	-1.97638
-3.50915	-22.2346	-3.50915
-2.75719	-25.6802	-2.75719
-3.09853	-22.2932	-3.09853
-2.92307	-25.4013	-2.92307
-3.41369	-22.3787	-3.41369
-3.16195	-24.8266	-3.16195
-3.13582	-22.812	-3.13582
-3.50874	-24.2943	-3.50874
-2.49333	-23.1996	-2.49333
-2.42396	-23.5583	-2.42396
-2.08519	-23.8781	-2.08519
-3.34336	-23.1215	-3.34336
-2.08705	-24.5309	-2.08705
-2.3165	-22.6413	-2.3165
-1.87906	-25.1236	-1.87906
-3.55384	-22.355	-3.55384
-2.70994	-25.5559	-2.70994
-3.25365	-22.2549	-3.25365
-2.76014	-25.636	-2.76014
-3.61479	-22.1897	-3.61479
-3.02214	-25.284	-3.02214
-3.31367	-22.4574	-3.31367
-3.35884	-24.9151	-3.35884
-2.74395	-22.7292	-2.74395
-2.34313	-24.151	-2.34313
-2.14848	-23.276	-2.14848
-3.23122	-23.665	-3.23122
-2.24354	-23.8921	-2.24354
-2.32153	-22.9294	-2.32153
-1.83663	-23.799	-1.83663
-3.518	-22.9072	-3.518
-2.71156	-23.7492	-2.71156
-3.36768	-23.0139	-3.36768
-2.64325	-23.6595	-2.64325
-3.77818	-23.0757	-3.77818
-2.7546	-21.4669	-2.7546
-2.29292	-21.755	-2.29292
-1.66243	-23.5224	-1.66243
-3.36213	-22.0256	-3.36213
-3.34483	-21.8754	-3.34483
-3.20232	-23.4981	-3.20232
-2.8521	-21.9212	-2.8521
-3.44172	-21.1962	-3.44172
-3.32736	-20.7293	-3.32736
-3.08282	-24.05	-3.08282
-3.82804	-21.0461	-3.82804
-3.0788	-20.8322	-3.0788
-2.46428	-20.2724	-2.46428
-1.81693	-24.2298	-1.81693
-3.47217	-21.4698	-3.47217
-2.87095	-21.7624	-2.87095
-2.44051	-21.3457	-2.44051
-1.58613	-23.965	-1.58613
-3.31296	-21.8253	-3.31296
-3.28622	-22.1071	-3.28622
-3.40765	-22.9585	-3.40765
-2.72027	-22.4354	-2.72027
-3.58208	-21.0456	-3.58208
-3.23521	-20.7654	-3.23521
-3.2281	-23.5815	-3.2281
-3.64622	-21.3871	-3.64622
-3.33036	-20.8172	-3.33036
-2.48936	-20.1347	-2.48936
-1.85869	-24.0236	-1.85869
-3.28537	-21.5619	-3.28537
-3.01859	-21.9126	-3.01859
-2.55885	-21.0394	-2.55885
-1.56289	-24.289	-1.56289
-3.20657	-21.6876	-3.20657
-3.25678	-22.3439	-3.25678
-3.58575	-22.4627	-3.58575
-2.62956	-23.0093	-2.62956
-3.69071	-20.8977	-3.69071
-3.15863	-20.8601	-3.15863
-3.38174	-23.0165	-3.38174
-3.46124	-21.8227	-3.46124
-3.59342	-20.757	-3.59342
-2.50434	-20.0851	-2.50434
-1.94022	-23.5988	-1.94022
-3.06064	-21.7512	-3.06064
-3.19137	-21.9858	-3.19137
-2.64555	-20.8402	-2.64555
-1.59228	-24.4108	-1.59228
-3.04799	-21.6339	-3.04799
-3.26096	-22.5447	-3.26096
-3.71937	-22.0494	-3.71937
-2.58915	-23.5921	-2.58915
-3.74997	-20.7806	-3.74997
-3.11127	-20.9898	-3.11127
-3.52495	-22.3478	-3.52495
-3.29551	-22.1497	-3.29551
-3.84634	-22.3053	-3.84634
-2.52174	-22.2561	-2.52174
-2.05139	-22.2051	-2.05139
-2.82191	-22.298	-2.82191
-3.37732	-22.1913	-3.37732
-2.70422	-22.3599	-2.70422
-2.85694	-21.7086	-2.85694
-3.04865	-24.35	-3.04865
-2.81271	-22.1328	-2.81271
-3.91535	-21.8878	-3.91535
-2.65069	-23.9115	-2.65069
-2.71863	-24.1563	-2.71863
-2.76415	-21.9534	-2.76415
-3.97749	-22.4505	-3.97749
-3.54776	-24.2454	-3.54776
-3.5226	-23.6422	-3.5226
-3.71761	-21.8016	-3.71761
-3.86575	-23.0544	-3.86575
-3.9552	-24.4311	-3.9552
-3.70196	-22.8995	-3.70196
-4.23586	-21.6203	-4.23586
-3.01696	-23.4027	-3.01696
-3.04495	-24.4286	-3.04495
-2.78161	-22.3633	-2.78161
-3.9591	-21.7289	-3.9591
-2.72717	-23.7068	-2.72717
-2.7978	-24.3057	-2.7978
-2.6343	-22.1112	-2.6343
-4.05831	-22.2393	-4.05831
-3.49616	-24.112	-3.49616
-3.67585	-23.8675	-3.67585
-3.56432	-21.8566	-3.56432
-4.03901	-22.8096	-4.03901
-3.84651	-24.3901	-3.84651
-3.83599	-23.1672	-3.83599
-4.1568	-21.5769	-4.1568
-3.21734	-23.1524	-3.21734
-3.01585	-24.4585	-3.01585
-2.79174	-22.6199	-2.79174
-3.93344	-21.6076	-3.93344
-2.84393	-23.483	-2.84393
-2.85196	-24.4042	-2.85196
-2.54801	-22.308	-2.54801
-4.08196	-22.0524	-4.08196
-3.47457	-23.9529	-3.47457
-3.81423	-24.059	-3.81423
-3.43533	-21.9575	-3.43533
-4.20099	-22.5719	-4.20099
-3.74513	-24.3139	-3.74513
-3.98434	-23.4287	-3.98434
-4.05	-21.58	-4.05
-3.4483	-22.2377	-3.4483
-2.97115	-22.5378	-2.97115
-2.83814	-22.6316	-2.83814
-3.84642	-23.6477	-3.84642
-2.99985	-23.1081	-2.99985
-2.87868	-22.5965	-2.87868
-2.50772	-22.4935	-2.50772
-4.04063	-22.862	-4.04063
-3.49051	-23.7209	-3.49051
-2.95643	-18.518	-2.95643
-3.2445	-19.2146	-3.2445
-3.136	-18.2029	-3.136
-4.00777	-19.3418	-4.00777
-2.83931	-17.9905	-2.83931
-2.83381	-17.908	-2.83381
-3.19829	-17.6757	-3.19829
-4.06057	-18.8582	-4.06057
-3.86409	-18.0111	-3.86409
-3.5765	-17.1279	-3.5765
-4.14013	-17.4079	-4.14013
-3.90466	-18.3235	-3.90466
-4.30165	-18.846	-4.30165
-3.81343	-17.6546	-3.81343
-4.49872	-18.3588	-4.49872
-3.06431	-18.2315	-3.06431
-3.27914	-19.2041	-3.27914
-3.05693	-18.1684	-3.05693
-4.13245	-19.3792	-4.13245
-2.87402	-18.0029	-2.87402
-2.93482	-18.0302	-2.93482
-3.02757	-17.4913	-3.02757
-4.19062	-18.958	-4.19062
-3.79439	-17.9833	-3.79439
-3.72713	-17.3043	-3.72713
-3.98297	-17.1779	-3.98297
-4.0674	-18.3694	-4.0674
-4.21018	-18.7298	-4.21018
-3.91393	-17.817	-3.91393
-4.48111	-18.1671	-4.48111
-3.21792	-18.2739	-3.21792
-3.28313	-19.1239	-3.28313
-3.01971	-18.1952	-3.01971
-4.19169	-19.332	-4.19169
-2.94502	-18.0621	-2.94502
-3.02014	-18.1188	-3.02014
-2.89201	-17.3598	-2.89201
-4.28288	-18.9923	-4.28288
-3.74029	-17.9738	-3.74029
-3.88331	-17.4858	-3.88331
-3.82892	-16.9794	-3.82892
-4.24249	-18.3996	-4.24249
-4.10418	-18.5915	-4.10418
-4.04545	-18.015	-4.04545
-4.41189	-17.9635	-4.41189
-3.41315	-18.3474	-3.41315
-3.26031	-18.9871	-3.26031
-3.02419	-18.2791	-3.02419
-4.1811	-21.4271	-4.1811
-3.056	-19.91	-3.056
-3.08149	-18.4585	-3.08149
-2.79903	-17.649	-2.79903
-4.32044	-19.3994	-4.32044
-3.7142	-20.5758	-3.7142
-4.02786	-18.2705	-4.02786
-3.6961	-18.1825	-3.6961
-4.41028	-18.9167	-4.41028
-4.00204	-22.0288	-4.00204
-2.86553	-19.223	-2.86553
-2.75618	-19.4554	-2.75618
-4.26387	-19.6687	-4.26387
-3.27298	-19.7072	-3.27298
-2.52662	-19.7699	-2.52662
-2.75684	-19.9031	-2.75684
-3.95931	-19.375	-3.95931
-4.23312	-20.2176	-4.23312
-3.37136	-19.3825	-3.37136
-3.95939	-20.1148	-3.95939
-3.75997	-19.0918	-3.75997
-4.20208	-20.3831	-4.20208
-3.54312	-19.1564	-3.54312
-4.78875	-20.0319	-4.78875
-3.26844	-19.0854	-3.26844
-2.98239	-20.2622	-2.98239
-2.62442	-19.3081	-2.62442
-4.33647	-19.849	-4.33647
-3.32368	-19.4766	-3.32368
-2.71072	-19.9743	-2.71072
-2.57244	-19.7079	-2.57244
-4.02666	-19.5395	-4.02666
-4.16196	-19.9946	-4.16196
-3.56285	-19.535	-3.56285
-3.80069	-19.9898	-3.80069
-3.89726	-19.1518	-3.89726
-4.15564	-20.289	-4.15564
-3.6035	-19.1889	-3.6035
-4.73883	-20.0532	-4.73883
-3.4363	-19.0096	-3.4363
-3.0754	-20.3395	-3.0754
-2.5435	-19.2096	-2.5435
-4.33476	-19.9994	-4.33476
-3.39758	-19.2823	-3.39758
-2.8931	-20.168	-2.8931
-2.42603	-19.5224	-2.42603
-4.06243	-19.7273	-4.06243
-4.08549	-19.7539	-4.08549
-3.77669	-19.7278	-3.77669
-3.6398	-19.8201	-3.6398
-4.05257	-19.2684	-4.05257
-4.07999	-20.1199	-4.07999
-3.70867	-19.2832	-3.70867
-4.62117	-19.9997	-4.62117
-3.64534	-18.9994	-3.64534
-3.14152	-20.3303	-3.14152
-2.51484	-19.1699	-2.51484
-4.25539	-20.0948	-4.25539
-3.50143	-19.1406	-3.50143
-3.06051	-20.3204	-3.06051
-2.32636	-19.3691	-2.32636
-4.05121	-25.6362	-4.05121
-4.02036	-21.6091	-4.02036
-3.9948	-19.0905	-3.9948
-3.49634	-20.3175	-3.49634
-4.2081	-24.9161	-4.2081
-3.99253	-24.0977	-3.99253
-3.84735	-21.2563	-3.84735
-4.45904	-22.1138	-4.45904
-3.88861	-25.2495	-3.88861
-3.1834	-25.3763	-3.1834
-2.53614	-25.1324	-2.53614
-21.487	-5.58315	-21.487
-22.3438	-4.79963	-22.3438
-22.2335	-5.01285	-22.2335
-22.1205	-7.18116	-22.1205
-20.096	-4.72528	-20.096
-19.9709	-4.56478	-19.9709
-19.8978	-4.39522	-19.8978
-21.582	-3.74943	-21.582
-20.6051	-2.76582	-20.6051
-19.7997	-2.5304	-19.7997
-21.5467	-3.67713	-21.5467
-20.7053	-2.41501	-20.7053
-20.0899	-2.26347	-20.0899
-21.453	-2.55711	-21.453
-21.1634	-3.55084	-21.1634
-20.2704	-3.15902	-20.2704
-21.5573	-3.53474	-21.5573
-20.7597	-2.97858	-20.7597
-19.8419	-2.4346	-19.8419
-21.5374	-3.48565	-21.5374
-20.1154	-2.27469	-20.1154
-21.3557	-2.39586	-21.3557
-21.297	-3.6316	-21.297
-20.3337	-3.00312	-20.3337
-21.4963	-3.3157	-21.4963
-20.919	-3.2119	-20.919
-19.899	-2.33092	-19.899
-21.4907	-3.23872	-21.4907
-20.157	-2.25365	-20.157
-21.4204	-3.65327	-21.4204
-20.4086	-2.88646	-20.4086
-21.4042	-3.11681	-21.4042
-21.0785	-3.44294	-21.0785
-19.9702	-2.2358	-19.9702
-21.4084	-2.96472	-21.4084
-20.2128	-2.20807	-20.2128
-21.5966	-10.3481	-21.5966
-21.5269	-10.9131	-21.5269
-20.495	-11.3594	-20.495
-20.2508	-11.6315	-20.2508
-21.2884	-11.8929	-21.2884
-21.2322	-11.6063	-21.2322
-20.0546	-11.9298	-20.0546
-17.7781	-3.75135	-17.7781
-19.2665	-2.30251	-19.2665
-20.0238	-2.5257	-20.0238
-20.8378	-2.10908	-20.8378
-17.7972	-3.22278	-17.7972
-18.9524	-3.27014	-18.9524
-19.6882	-3.43834	-19.6882
-17.8526	-3.69767	-17.8526
-19.173	-2.40917	-19.173
-19.7151	-2.49049	-19.7151
-21.0841	-2.13381	-21.0841
-18.0652	-3.02531	-18.0652
-18.6392	-3.40262	-18.6392
-19.6833	-3.29081	-19.6833
-18.0165	-3.59082	-18.0165
-19.019	-2.55828	-19.019
-19.496	-2.42799	-19.496
-19.5895	-3.34403	-19.5895
-18.4019	-2.84754	-18.4019
-18.3299	-3.53015	-18.3299
-19.7187	-3.14545	-19.7187
-18.2704	-3.44997	-18.2704
-18.8167	-2.74153	-18.8167
-19.3617	-2.34672	-19.3617
-19.6341	-3.23385	-19.6341
-20.0007	-2.22433	-20.0007
-18.7904	-5.32013	-18.7904
-18.0508	-5.06703	-18.0508
-19.7709	-6.38718	-19.7709
-18.6099	-3.95193	-18.6099
-18.5872	-4.2736	-18.5872
-19.301	-5.16305	-19.301
-20.467	-1.87733	-20.467
-20.0146	-2.84004	-20.0146
-20.4163	-3.05819	-20.4163
-20.5123	-2.21996	-20.5123
-19.2385	-3.53274	-19.2385
-20.5367	-2.47251	-20.5367
-20.5234	-3.37259	-20.5234
-20.6507	-2.59746	-20.6507
-19.7381	-3.1859	-19.7381
-20.3576	-1.75589	-20.3576
-21.0096	-2.11344	-21.0096
-20.9472	-2.2792	-20.9472
-20.6143	-1.78472	-20.6143
-20.0811	-2.5849	-20.0811
-20.4795	-2.96499	-20.4795
-19.2083	-3.4332	-19.2083
-20.5184	-2.4977	-20.5184
-20.4008	-3.36921	-20.4008
-20.894	-2.52917	-20.894
-19.6345	-3.33775	-19.6345
-20.4457	-1.7252	-20.4457
-20.7748	-2.18186	-20.7748
-21.1774	-2.08044	-21.1774
-20.9353	-2.77103	-20.9353
-20.7994	-1.70219	-20.7994
-20.2037	-2.31774	-20.2037
-20.5919	-2.83481	-20.5919
-19.2382	-3.26577	-19.2382
-20.443	-2.57994	-20.443
-20.32	-3.29982	-20.32
-21.089	-2.51731	-21.089
-19.5784	-3.41349	-19.5784
-20.5085	-1.74553	-20.5085
-20.565	-2.21846	-20.565
-21.4035	-1.92003	-21.4035
-20.7646	-2.93546	-20.7646
-21.0039	-1.64481	-21.0039
-20.3708	-2.06237	-20.3708
-20.7472	-2.68847	-20.7472
-19.3279	-10.6334	-19.3279
-20.3139	-10.7159	-20.3139
-20.286	-10.6261	-20.286
-21.213	-10.7118	-21.213
-19.5784	-10.6217	-19.5784
-20.5295	-10.6919	-20.5295
-20.3972	-10.6153	-20.3972
-21.595	-10.6753	-21.595
-20.6253	-10.6245	-20.6253
-21.2043	-10.6533	-21.2043
-24.5252	-6.08691	-24.5252
-22.0809	-3.2812	-22.0809
-21.4199	-3.89848	-21.4199
-22.7761	-4.63623	-22.7761
-23.8283	-5.41449	-23.8283
-23.7935	-6.092	-23.7935
-21.4597	-3.28588	-21.4597
-22.3496	-3.90667	-22.3496
-23.3166	-4.64636	-23.3166
-23.3996	-5.42451	-23.3996
-22.1124	-6.09735	-22.1124
-22.0912	-3.29128	-22.0912
-22.9976	-3.91531	-22.9976
-23.0923	-4.65739	-23.0923
-21.6101	-5.4349	-21.6101
-24.0951	-14.4839	-24.0951
-22.8727	26.5245	-22.8727
-22.0211	31.876	-22.0211
-21.9492	28.5456	-21.9492
-21.6936	30.1793	-21.6936
-22.0597	29.9839	-22.0597
-21.6644	30.3358	-21.6644
-21.5659	29.3795	-21.5659
-21.7571	29.4806	-21.7571
-22.2141	30.22	-22.2141
-22.4399	29.0414	-22.4399
-22.3086	29.7764	-22.3086
-22.7522	27.6949	-22.7522
-22.651	30.2836	-22.651
-22.9216	28.1834	-22.9216
-22.4832	29.6165	-22.4832
-22.8361	28.6806	-22.8361
-22.0695	30.8829	-22.0695
-22.0079	29.2485	-22.0079
-21.6522	30.2394	-21.6522
-22.1132	29.6704	-22.1132
-21.6596	30.739	-21.6596
-21.6323	29.8705	-21.6323
-21.6596	29.4627	-21.6596
-22.2504	29.8997	-22.2504
-22.3776	29.4885	-22.3776
-22.3746	29.8493	-22.3746
-22.6614	28.3097	-22.6614
-22.7138	30.2148	-22.7138
-22.8913	28.5358	-22.8913
-22.5295	30.115	-22.5295
-22.8362	28.539	-22.8362
-22.1407	30.9405	-22.1407
-22.0495	29.1446	-22.0495
-21.6335	30.4216	-21.6335
-22.1415	29.3337	-22.1415
-21.6693	30.964	-21.6693
-21.6929	29.6516	-21.6929
-21.577	29.8199	-21.577
-22.2758	29.5305	-22.2758
-22.3157	29.8439	-22.3157
-22.4474	29.6087	-22.4474
-22.5652	28.6622	-22.5652
-22.7862	29.9661	-22.7862
-22.844	28.8209	-22.844
-22.5973	30.0001	-22.5973
-22.8077	28.5555	-22.8077
-22.2336	30.8992	-22.2336
-22.0731	29.1647	-22.0731
-21.6395	30.5192	-21.6395
-22.1418	29.0786	-22.1418
-21.6968	31.1119	-21.6968
-21.7416	29.4817	-21.7416
-21.5152	30.1243	-21.5152
-22.2826	29.5346	-22.2826
-22.2623	29.4303	-22.2623
-22.5175	28.8605	-22.5175
-22.4738	28.8365	-22.4738
-22.8588	28.9877	-22.8588
-22.7885	29.4464	-22.7885
-22.68	29.2775	-22.68
-22.7581	29.1622	-22.7581
-22.3441	28.6449	-22.3441
-22.081	29.0318	-22.081
-20.337	29.3523	-20.337
-20.0454	29.6227	-20.0454
-20.9337	28.9967	-20.9337
-20.7877	28.731	-20.7877
-21.0645	29.0005	-21.0645
-19.9261	29.5482	-19.9261
-20.111	29.4452	-20.111
-20.288	28.9472	-20.288
-21.2684	28.7961	-21.2684
-20.4838	28.978	-20.4838
-19.9601	29.4093	-19.9601
-19.8949	29.314	-19.8949
-20.6921	29.1972	-20.6921
-21.1237	28.6702	-21.1237
-20.5593	28.9927	-20.5593
-20.3057	29.2988	-20.3057
-20.0726	29.6602	-20.0726
-20.8404	29.0472	-20.8404
-20.8082	28.7704	-20.8082
-21.1264	28.907	-21.1264
-19.9912	29.5513	-19.9912
-20.1233	29.4549	-20.1233
-20.1792	29.0385	-20.1792
-21.3153	28.7564	-21.3153
-20.5173	28.9754	-20.5173
-20.0868	29.36	-20.0868
-19.7839	29.3553	-19.7839
-20.7025	29.2196	-20.7025
-21.0377	28.7147	-21.0377
-20.7205	28.9452	-20.7205
-20.266	29.2528	-20.266
-20.1232	29.6781	-20.1232
-20.7228	29.1089	-20.7228
-20.8512	28.8086	-20.8512
-21.1464	28.8241	-21.1464
-20.0888	29.5406	-20.0888
-20.118	29.4627	-20.118
-20.1023	29.1287	-20.1023
-21.3128	28.7227	-21.3128
-20.5695	28.9758	-20.5695
-20.2067	29.3021	-20.2067
-19.6992	29.398	-19.6992
-20.6958	29.2319	-20.6958
-20.9487	28.7749	-20.9487
-20.8851	28.891	-20.8851
-20.2276	29.215	-20.2276
-20.1893	29.6759	-20.1893
-20.5925	29.1809	-20.5925
-20.9106	28.8429	-20.9106
-21.1293	28.7569	-21.1293
-20.2164	29.5137	-20.2164
-20.0963	29.4714	-20.0963
-20.0579	29.426	-20.0579
-21.2587	27.836	-21.2587
-20.6441	31.7693	-20.6441
-20.3115	32.1123	-20.3115
-19.6466	28.3776	-19.6466
-20.6642	28.7918	-20.6642
-20.868	32.2136	-20.868
-21.0392	31.5912	-21.0392
-20.2007	27.5131	-20.2007
-20.2616	29.8148	-20.2616
-19.5526	32.4522	-19.5526
-22.1088	30.8562	-22.1088
-20.4453	27.1583	-20.4453
-21.1869	30.7353	-21.1869
-20.2898	32.4795	-20.2898
-21.7193	29.9319	-21.7193
-19.4308	27.4782	-19.4308
-22.0823	31.479	-22.0823
-20.4792	32.2875	-20.4792
-20.0264	28.8866	-20.0264
-17.8624	28.3038	-17.8624
-20.0356	32.0238	-20.0356
-20.5829	31.8741	-20.5829
-19.9505	27.8928	-19.9505
-18.318	29.3241	-18.318
-19.5891	32.3649	-19.5891
-21.6043	31.2435	-21.6043
-20.8539	27.2517	-20.8539
-20.8958	30.3075	-20.8958
-20.4537	32.4961	-20.4537
-21.6296	30.4076	-21.6296
-19.5321	27.2429	-19.5321
-21.8302	31.1405	-21.8302
-20.5692	32.4098	-20.5692
-20.3668	29.4058	-20.3668
-17.8134	27.8593	-17.8134
-19.9351	31.784	-19.9351
-20.3486	32.1039	-20.3486
-20.4464	28.3554	-20.4464
-18.1788	28.8223	-18.1788
-19.6222	32.2269	-19.6222
-21.1021	31.5804	-21.1021
-21.3386	27.5006	-21.3386
-20.5899	29.8433	-20.5899
-20.6835	32.4612	-20.6835
-21.4253	30.8429	-21.4253
-19.7323	27.1613	-19.7323
-21.4609	30.756	-21.4609
-20.7379	32.4796	-20.7379
-20.6174	29.9117	-20.6174
-17.8499	27.4959	-17.8499
-19.7554	31.495	-19.7554
-20.1709	32.2806	-20.1709
-20.9038	28.8618	-20.9038
-18.1076	28.3318	-18.1076
-19.6258	32.0385	-19.6258
-20.6495	31.8649	-20.6495
-21.8607	27.8742	-21.8607
-20.311	29.3522	-20.311
-20.9534	32.3752	-20.9534
-21.1557	31.2314	-21.1557
-20.0196	27.2466	-20.0196
-21.0322	30.3289	-21.0322
-20.9804	31.288	-20.9804
-20.7609	30.2219	-20.7609
-17.9729	31.3977	-17.9729
-19.5061	29.8514	-19.5061
-20.0586	31.8037	-20.0586
-21.2682	30.4668	-21.2682
-18.1157	31.8327	-18.1157
-19.5788	30.965	-19.5788
-20.2732	32.8805	-20.2732
-22.3602	32.099	-22.3602
-19.9635	32.2979	-19.9635
-19.7019	31.5461	-19.7019
-20.227	32.389	-20.227
-20.0289	32.08	-20.0289
-20.3954	31.2382	-20.3954
-19.9267	31.2042	-19.9267
-20.6014	30.6716	-20.6014
-19.1815	30.9914	-19.1815
-19.3805	29.484	-19.3805
-19.1479	31.7455	-19.1479
-20.2405	30.6067	-20.2405
-18.9765	31.0465	-18.9765
-19.0411	31.1759	-19.0411
-19.1017	32.3039	-19.1017
-20.2969	31.3834	-20.2969
-19.8774	33.3072	-19.8774
-19.8366	32.248	-19.8366
-20.0516	31.2918	-20.0516
-20.1766	28.6889	-20.1766
-20.2835	25.0084	-20.2835
-20.0141	20.9469	-20.0141
-20.5588	19.7497	-20.5588
-19.3231	17.4582	-19.3231
-19.3631	13.9823	-19.3631
-19.0984	12.6491	-19.0984
-20.2733	9.11948	-20.2733
-19.0348	5.90089	-19.0348
-19.1061	-5.56184	-19.1061
-18.9535	1.2129	-18.9535
-20.3653	-3.9664	-20.3653
-19.8085	-3.33471	-19.8085
-19.9746	-4.83266	-19.9746
-19.8816	-3.32905	-19.8816
-20.3341	-4.18292	-20.3341
-20.1592	-4.07598	-20.1592
-20.1309	-5.44197	-20.1309
-20.4665	-4.92912	-20.4665
-19.3196	-5.41621	-19.3196
-24.452	-5.84741	-24.452
-24.4372	-6.12165	-24.4372
-24.5269	-6.27101	-24.5269
-24.7159	-7.55307	-24.7159
-19.4289	-3.24021	-19.4289
-17.8111	-3.26932	-17.8111
-19.7198	-3.32176	-19.7198
-18.6797	-3.4082	-18.6797
-17.5767	-2.72157	-17.5767
-19.9198	-1.93594	-19.9198
-19.8597	-2.60168	-19.8597
-19.6404	-3.25516	-19.6404
-17.6994	-3.19123	-17.6994
-21.0474	-3.30171	-21.0474
-19.0939	-3.56255	-19.0939
-17.3566	-2.74573	-17.3566
-19.9451	-2.01981	-19.9451
-19.4953	-2.69088	-19.4953
-19.7598	-3.23747	-19.7598
-17.6878	-3.131	-17.6878
-20.7706	-3.41815	-20.7706
-19.4715	-3.69887	-19.4715
-17.2212	-2.76854	-17.2212
-19.8884	-2.12834	-19.8884
-19.1861	-2.75552	-19.1861
-19.7886	-3.18353	-19.7886
-17.7723	-3.09547	-17.7723
-20.359	-3.51056	-20.359
-19.7745	-3.80122	-19.7745
-17.1768	-2.79971	-17.1768
-19.7302	-2.25139	-19.7302
-18.959	-6.26836	-18.959
-20.9136	-6.61611	-20.9136
-19.7473	-7.00633	-19.7473
-17.9445	-5.60075	-17.9445
-22.8816	-3.90531	-22.8816
-23.8527	-1.71342	-23.8527
-23.0549	-3.76899	-23.0549
-23.9621	-1.88409	-23.9621
-23.4254	-2.13486	-23.4254
-23.4587	-2.49687	-23.4587
-23.0298	-2.9131	-23.0298
-23.0255	-3.30687	-23.0255
-22.839	-3.69419	-22.839
-22.8553	-3.88177	-22.8553
-22.9152	-3.93432	-22.9152
-24.1751	-1.73984	-24.1751
-23.0122	-3.77507	-23.0122
-23.6489	-1.88672	-23.6489
-23.7182	-2.15909	-23.7182
-23.2303	-2.52424	-23.2303
-23.2077	-2.91214	-23.2077
-22.9229	-3.35938	-22.9229
-22.9021	-3.68123	-22.9021
-22.8453	-3.91352	-22.8453
-22.9178	-3.94786	-22.9178
-23.8399	-1.74184	-23.8399
-23.0529	-3.75825	-23.0529
-23.971	-1.90629	-23.971
-23.4588	-2.18788	-23.4588
-23.4385	-2.52217	-23.4385
-23.0711	-2.96417	-23.0711
-23.0204	-3.35236	-23.0204
-22.8495	-3.71405	-22.8495
-22.8909	-3.9348	-22.8909
-22.91	-3.93362	-22.91
-24.1814	-1.75677	-24.1814
-23.0677	-6.47301	-23.0677
-23.6877	-7.70251	-23.6877
-23.6951	-7.52128	-23.6951
-23.2693	-7.28551	-23.2693
-23.2031	-7.03427	-23.2031
-22.9261	-6.80252	-22.9261
-24.3708	-3.53293	-24.3708
-23.765	-4.15483	-23.765
-23.7214	-4.89922	-23.7214
-24.5755	-3.45724	-24.5755
-23.6603	-2.87088	-23.6603
-23.7792	-2.70158	-23.7792
-24.2316	-3.81685	-24.2316
-23.8952	-3.76552	-23.8952
-23.805	-4.32849	-23.805
-24.5224	-3.94495	-24.5224
-23.6992	-2.87594	-23.6992
-24.5348	-0.93346	-24.5348
-23.7131	-2.97304	-23.7131
-24.0815	-4.05119	-24.0815
-24.0542	-3.42495	-24.0542
-24.4169	-4.50868	-24.4169
-23.7878	-2.82432	-23.7878
-24.4794	-1.14887	-24.4794
-23.6966	-3.13576	-23.6966
-23.9414	-4.18307	-23.9414
-24.2247	-3.16526	-24.2247
-24.0649	-4.55422	-24.0649
-23.9187	-2.75218	-23.9187
-24.3734	-5.87784	-24.3734
-23.8014	-5.08008	-23.8014
-23.7324	-4.66937	-23.7324
-23.829	-4.72413	-23.829
-22.9347	-3.06885	-22.9347
-22.1696	-2.31094	-22.1696
-20.247	-2.43756	-20.247
-22.1846	-1.5118	-22.1846
-22.4806	-3.06769	-22.4806
-22.8501	-2.09316	-22.8501
-20.6549	-1.79588	-20.6549
-22.512	-0.819602	-22.512
-24.0152	-2.38442	-24.0152
-23.6682	-1.53139	-23.6682
-22.7978	-2.42975	-22.7978
-22.1898	-2.86384	-22.1898
-23.2437	-2.9047	-23.2437
-22.2451	-2.49281	-22.2451
-20.3607	-2.43154	-20.3607
-21.8764	-1.56253	-21.8764
-22.4959	-2.94768	-22.4959
-23.0537	-2.20485	-23.0537
-20.6741	-1.94964	-20.6741
-22.3877	-0.776268	-22.3877
-22.7029	-2.36456	-22.7029
-24.3357	-2.31722	-24.3357
-22.4273	-2.45784	-22.4273
-23.9183	-1.41945	-23.9183
-22.6635	-2.50849	-22.6635
-22.4575	-2.69677	-22.4575
-22.5469	-2.82262	-22.5469
-23.5745	-2.72618	-23.5745
-22.2748	-2.70383	-22.2748
-20.5394	-2.3905	-20.5394
-21.5417	-1.66507	-21.5417
-22.5527	-2.7669	-22.5527
-23.1555	-2.35577	-23.1555
-20.7732	-2.06084	-20.7732
-22.1958	-0.790153	-22.1958
-22.567	-2.2569	-22.567
-24.5446	-2.28307	-24.5446
-22.3362	-2.65987	-22.3362
-24.0855	-1.35563	-24.0855
-22.5704	-2.55421	-22.5704
-22.7283	-2.54876	-22.7283
-22.2217	-3.04313	-22.2217
-23.89	-2.55853	-23.89
-22.2801	-2.92557	-22.2801
-20.7719	-2.33131	-20.7719
-21.2096	-1.80921	-21.2096
-22.6352	-2.54985	-22.6352
-23.158	-2.53906	-23.158
-20.9502	-2.12864	-20.9502
-21.952	-3.33635	-21.952
-22.4997	-5.15005	-22.4997
-22.3389	-5.76587	-22.3389
-24.1358	-3.86589	-24.1358
-22.5369	-5.95593	-22.5369
-22.9695	-5.87552	-22.9695
-21.9689	-7.45273	-21.9689
-24.1429	-5.62624	-24.1429
-22.2857	-7.28893	-22.2857
-20.7126	-3.70287	-20.7126
-20.8854	-3.56281	-20.8854
-21.0366	-3.48715	-21.0366
-20.8678	-2.8011	-20.8678
-21.3935	-4.06059	-21.3935
-21.2667	-4.57364	-21.2667
-20.2306	-2.86682	-20.2306
-21.3132	-3.89462	-21.3132
-21.386	-4.62964	-21.386
-20.1209	-2.97171	-20.1209
-21.2393	-3.20135	-21.2393
-21.1501	-3.70434	-21.1501
-21.2852	-4.1989	-21.2852
-21.4088	-4.59921	-21.4088
-20.0812	-3.13018	-20.0812
-21.3613	-3.23547	-21.3613
-21.1286	-12.3799	-21.1286
-21.332	-12.5365	-21.332
-20.1156	-12.5425	-20.1156
-21.3889	-12.4554	-21.3889
